0 0 0 0 0 0 0 0 0 0 0 0 0 0 0 0 0 0 0 0 0 0 0 0 0 0 0 0 0 0 0 0 0 0 0 0 0 0 0 0 0 0 0 0 0 0 0 0 0 0 
0 0 0 0 0 0 0 0 0 0 0 0 0 0 0 0 0 0 0 0 0 0 0 0 0 0 0 0 0 0 0 0 0 0 0 0 0 0 0 0 0 0 0 0 0 0 0 0 0 0 
0 0 0 0 0 0 0 0 0 0 0 0 0 0 0 0 0 0 0 0 0 0 0 0 0 0 0 0 0 0 0 0 0 0 0 0 0 0 0 0 0 0 0 0 0 0 0 0 0 0 
0 0 0 0 0 0 0 0 0 0 0 0 0 0 0 0 0 0 0 0 0 0 0 0 0 0 0 0 0 0 0 0 0 0 0 0 0 0 0 0 0 0 0 0 0 0 0 0 0 0 
0 0 0 0 0 0 0 0 0 0 0 0 0 0 0 0 0 0 0 0 0 0 0 0 0 0 0 0 0 0 0 0 0 0 0 0 0 0 0 0 0 0 0 0 0 0 0 0 0 0 
0 0 0 0 0 0 0 0 0 0 0 0 0 0 0 0 0 0 0 0 0 0 0 0 0 0 0 0 0 0 0 0 0 0 0 0 0 0 0 0 0 0 0 0 0 0 0 0 0 0 
0 0 0 0 0 0 0 0 0 0 0 0 0 0 0 0 0 0 0 0 0 0 0 0 0 0 0 0 0 0 0 0 0 0 0 0 0 0 0 0 0 0 0 0 0 0 0 0 0 0 
0 0 0 0 0 0 0 0 0 0 0 0 0 0 0 0 0 0 0 0 0 0 0 0 0 0 0 0 0 0 0 63 71 71 71 62 0 0 0 0 0 0 0 0 0 0 0 0 0 0 
0 0 0 0 0 0 0 0 61 65 55 0 0 0 0 0 0 0 0 0 0 0 0 0 0 0 0 0 0 0 0 67 33 46 33 70 71 71 71 71 71 62 0 0 0 0 0 0 0 0 
0 0 0 0 0 0 0 0 69 87 66 55 0 0 0 0 0 0 0 0 0 0 0 0 0 0 0 0 0 0 63 72 33 33 17 33 33 46 33 81 80 57 0 0 0 0 0 0 0 0 
0 0 0 0 0 0 0 0 69 87 87 66 65 65 65 65 55 0 0 0 0 0 0 0 0 0 0 0 63 71 72 33 46 33 33 33 33 33 33 77 0 0 0 0 0 0 0 0 0 0 
0 0 0 0 0 0 0 0 58 75 87 87 87 87 83 90 54 0 0 0 0 0 0 0 0 0 0 0 67 34 34 17 33 33 33 33 46 33 33 77 0 0 0 0 0 0 0 0 0 0 
0 0 0 0 0 0 0 0 0 69 87 83 90 90 84 46 70 71 71 71 62 0 0 63 71 62 0 63 72 34 46 26 25 25 25 25 25 19 33 70 71 71 71 62 0 0 0 0 0 0 
0 0 0 0 0 0 0 0 0 58 75 76 91 91 91 85 17 34 34 46 70 71 71 72 46 70 71 72 34 34 26 98 6 23 6 23 6 24 33 33 17 46 33 77 0 0 0 0 0 0 
0 0 0 0 0 0 0 0 0 0 58 75 87 87 87 88 34 34 34 46 46 46 46 46 46 34 46 34 46 34 22 23 6 23 6 6 6 12 19 46 33 33 81 57 0 0 0 0 0 0 
0 0 0 0 0 0 0 0 0 0 0 58 74 74 75 76 91 91 85 34 34 46 46 46 46 46 46 34 34 26 98 23 6 23 23 6 23 6 12 19 33 33 77 0 0 0 0 0 0 0 
0 0 0 0 0 0 0 0 0 0 0 0 0 0 69 87 87 87 88 34 33 34 46 46 46 46 46 34 46 22 23 23 23 23 23 23 23 23 23 24 31 81 57 0 0 0 0 0 0 0 
0 0 0 0 0 0 0 0 0 0 0 0 0 0 58 74 75 87 76 85 46 33 34 46 46 46 46 46 34 15 5 6 6 6 6 6 6 6 4 13 46 77 0 0 0 0 0 0 0 0 
0 0 0 0 0 0 0 0 0 0 0 0 0 0 0 0 69 87 87 88 33 33 17 33 46 46 46 46 46 34 15 14 14 5 23 4 14 14 13 33 33 77 0 0 0 0 0 0 0 0 
0 0 0 0 0 0 0 0 0 0 0 0 0 0 0 0 58 75 87 76 85 34 33 33 33 46 46 46 46 33 33 46 33 22 23 24 33 33 33 33 46 77 0 0 0 0 0 0 0 0 
0 0 0 0 0 0 0 0 0 0 0 0 0 0 0 0 0 69 87 87 76 85 33 33 46 46 46 46 46 46 33 34 33 22 23 24 46 34 17 33 33 77 0 0 0 0 0 0 0 0 
0 0 0 0 0 0 0 0 0 0 0 0 0 0 0 0 0 58 75 87 87 88 34 34 34 46 46 46 46 17 33 46 33 22 23 24 33 33 33 33 33 77 0 0 0 0 0 0 0 0 
0 0 0 0 0 0 0 0 0 0 0 0 0 0 0 0 0 0 69 87 87 88 34 46 34 46 46 46 46 46 33 34 26 98 23 24 33 46 34 33 46 77 0 0 0 0 0 0 0 0 
0 0 0 0 0 0 0 0 0 0 0 0 0 0 0 0 0 0 69 87 87 88 34 33 34 46 46 46 46 46 46 26 98 23 23 24 33 33 34 33 46 77 0 0 0 0 0 0 0 0 
0 0 0 0 0 0 0 0 0 0 0 0 0 0 0 0 0 0 69 87 87 88 34 34 17 34 46 46 46 46 46 22 23 23 4 13 34 46 46 46 46 77 0 0 0 0 0 0 0 0 
0 0 0 0 0 0 0 0 0 0 0 0 0 0 0 0 0 0 69 87 87 88 46 33 33 33 46 33 33 46 46 15 14 14 13 33 46 46 46 46 46 70 62 0 0 0 0 0 0 0 
0 0 0 0 0 0 0 0 0 0 0 0 0 0 0 0 0 0 69 87 87 88 33 34 34 33 34 33 34 33 46 26 25 19 33 46 46 46 46 46 46 31 77 0 0 0 0 0 0 0 
0 0 0 0 0 0 0 0 0 0 0 0 0 0 0 0 0 61 64 87 83 84 33 34 33 46 33 33 33 46 46 22 23 24 33 17 46 46 17 31 31 31 77 0 0 0 0 0 0 0 
0 0 0 0 0 0 0 0 0 0 0 0 0 0 0 0 0 69 87 87 88 33 33 33 33 34 34 33 46 46 33 22 6 24 33 33 33 46 46 46 31 81 57 0 0 0 0 0 0 0 
0 0 0 0 0 0 0 0 0 0 0 0 0 0 0 0 61 64 87 87 76 85 34 34 33 33 34 46 46 46 46 15 14 26 25 25 19 34 46 46 46 77 0 0 0 0 0 0 0 0 
0 0 0 0 0 0 0 0 0 0 0 0 0 0 0 0 69 87 87 87 87 88 33 33 17 33 46 46 46 46 46 46 31 22 23 6 24 31 31 46 46 70 62 0 0 0 0 0 0 0 
0 0 0 0 0 0 0 0 0 0 0 0 0 0 0 61 64 87 87 87 87 76 85 33 34 34 46 46 46 46 46 46 46 46 5 23 24 34 17 46 46 46 77 0 0 0 0 0 0 0 
0 0 0 0 0 0 0 0 0 0 0 0 0 0 0 69 87 87 83 82 87 87 88 33 33 46 46 46 46 33 46 46 46 46 22 6 24 31 46 46 46 46 77 0 0 0 0 0 0 0 
0 0 0 0 0 0 0 0 0 0 0 0 0 0 0 69 87 87 76 78 87 87 88 33 34 46 46 46 33 33 31 46 46 46 22 23 24 46 46 46 46 81 57 0 0 0 0 0 0 0 
0 0 0 0 0 0 0 0 0 0 0 0 0 0 0 58 74 75 87 87 87 87 88 33 17 46 81 80 80 79 31 46 46 46 15 14 13 46 46 81 80 57 0 0 0 0 0 0 0 0 
0 0 0 0 0 0 0 0 0 0 0 0 0 0 0 0 0 69 87 83 90 90 84 33 33 81 57 0 0 67 31 46 46 46 46 17 46 46 46 77 0 0 0 0 0 0 0 0 0 0 
0 0 0 0 0 0 0 0 0 0 0 0 0 0 0 0 0 69 87 88 34 81 80 80 80 57 0 0 63 72 31 31 46 46 46 31 46 46 31 77 0 0 0 0 0 0 0 0 0 0 
0 0 0 0 0 0 0 0 0 0 0 0 0 0 0 0 0 69 87 88 46 77 0 0 0 0 0 63 72 34 33 33 34 33 33 33 34 34 33 77 0 0 0 0 0 0 0 0 0 0 
0 0 0 0 0 0 0 0 0 0 0 0 0 0 0 0 0 60 90 84 33 77 0 0 0 63 71 72 33 33 33 33 33 33 46 81 80 80 80 57 0 0 0 0 0 0 0 0 0 0 
0 0 0 0 0 0 0 0 0 0 0 0 0 0 0 0 63 72 33 33 33 70 62 0 0 67 33 33 46 33 34 37 37 33 81 57 0 0 0 0 0 0 0 0 0 0 0 0 0 0 
0 0 0 0 0 0 0 0 0 0 0 0 0 0 0 63 72 46 34 34 33 33 70 71 71 72 33 33 17 33 33 33 34 33 77 0 0 0 0 0 0 0 0 0 0 0 0 0 0 0 
0 0 0 0 0 0 0 0 0 0 0 0 0 0 0 56 80 79 33 17 33 34 33 92 91 91 85 34 33 34 34 33 33 33 77 0 0 0 0 0 0 0 0 0 0 0 0 0 0 0 
0 0 0 0 0 0 0 0 0 0 0 0 0 0 0 0 0 56 79 33 33 33 92 78 87 87 76 91 91 85 81 80 80 80 57 0 0 0 0 0 0 0 0 0 0 0 0 0 0 0 
0 0 0 0 0 0 0 0 0 0 0 0 0 0 0 0 0 0 56 80 80 80 43 75 87 87 87 87 87 76 50 0 0 0 0 0 0 0 0 0 0 0 0 0 0 0 0 0 0 0 
0 0 0 0 0 0 0 0 0 0 0 0 0 0 0 0 0 0 0 0 0 0 0 58 74 74 74 74 74 74 59 0 0 0 0 0 0 0 0 0 0 0 0 0 0 0 0 0 0 0 
0 0 0 0 0 0 0 0 0 0 0 0 0 0 0 0 0 0 0 0 0 0 0 0 0 0 0 0 0 0 0 0 0 0 0 0 0 0 0 0 0 0 0 0 0 0 0 0 0 0 
0 0 0 0 0 0 0 0 0 0 0 0 0 0 0 0 0 0 0 0 0 0 0 0 0 0 0 0 0 0 0 0 0 0 0 0 0 0 0 0 0 0 0 0 0 0 0 0 0 0 
0 0 0 0 0 0 0 0 0 0 0 0 0 0 0 0 0 0 0 0 0 0 0 0 0 0 0 0 0 0 0 0 0 0 0 0 0 0 0 0 0 0 0 0 0 0 0 0 0 0 
0 0 0 0 0 0 0 0 0 0 0 0 0 0 0 0 0 0 0 0 0 0 0 0 0 0 0 0 0 0 0 0 0 0 0 0 0 0 0 0 0 0 0 0 0 0 0 0 0 0 
0 0 0 0 0 0 0 0 0 0 0 0 0 0 0 0 0 0 0 0 0 0 0 0 0 0 0 0 0 0 0 0 0 0 0 0 0 0 0 0 0 0 0 0 0 0 0 0 0 0 
